    2      0.057s  0.017   0.038   0.023   0.017   0.016    0.208
    5      0.168s  0.068   0.062   0.065   0.022   0.060    0.142
    8      0.256s  0.054   0.038   0.044   0.015   0.035    0.122
    11      0.361s  0.071   0.049   0.058   0.012   0.044    0.069
    14      0.651s  0.064   0.038   0.048   0.010   0.033    0.066
    17      0.454s  0.078   0.045   0.057   0.011   0.039    0.003
    20      0.656s  0.097   0.049   0.065   0.014   0.043    0.054
    23      1.732s  0.089   0.044   0.059   0.007   0.037    0.051
    26      1.140s  0.091   0.042   0.058   0.008   0.035    0.076
    29      1.752s  0.121   0.055   0.075   0.010   0.047    0.021
    32      2.574s  0.079   0.034   0.048   0.005   0.026    0.045
    35      1.478s  0.086   0.037   0.051   0.005   0.027    -0.019
    38      2.306s  0.091   0.038   0.053   0.005   0.028    -0.012
    41      2.137s  0.102   0.042   0.059   0.006   0.031    -0.036
    44      3.665s  0.096   0.038   0.054   0.004   0.027    0.031
    47      1.638s  0.102   0.039   0.057   0.003   0.028    0.031
    50      3.224s  0.097   0.038   0.055   0.003   0.026    0.039
    53      1.817s  0.099   0.037   0.054   0.003   0.024    0.033
    56      3.254s  0.107   0.040   0.058   0.003   0.027    0.062
    59      2.605s  0.101   0.037   0.054   0.003   0.023    0.053
    62      2.293s  0.109   0.039   0.058   0.002   0.025    0.056
    65      3.951s  0.094   0.034   0.049   0.002   0.018    0.038
    68      3.076s  0.098   0.035   0.051   0.003   0.019    0.060
    71      3.422s  0.103   0.036   0.054   0.002   0.020    0.021
    74      3.563s  0.097   0.033   0.050   0.002   0.016    0.045
    77      3.060s  0.104   0.036   0.053   0.002   0.018    0.079
    80      3.201s  0.108   0.037   0.055   0.002   0.019    0.088
    83      3.580s  0.106   0.037   0.054   0.002   0.018    0.054
    86      6.651s  0.100   0.034   0.051   0.002   0.015    0.077
    89      5.797s  0.104   0.034   0.052   0.001   0.015    0.066
    92      4.288s  0.110   0.037   0.055   0.002   0.016    0.020
    95      4.629s  0.111   0.036   0.055   0.001   0.016    0.062
    98      4.081s  0.112   0.037   0.056   0.001   0.015    0.036
    101      4.571s  0.122   0.040   0.060   0.002   0.018    0.085
    104      4.238s  0.130   0.042   0.064   0.002   0.019    0.053
    107      5.203s  0.119   0.038   0.058   0.002   0.015    0.054
    110      4.040s  0.121   0.039   0.059   0.002   0.014    0.044
    113      3.970s  0.112   0.035   0.054   0.001   0.011    0.100
    116      4.686s  0.119   0.038   0.057   0.001   0.013    0.071
    119      8.862s  0.121   0.038   0.058   0.001   0.013    0.051
    122      5.572s  0.128   0.040   0.061   0.001   0.014    0.085
    125      10.323s  0.128   0.040   0.060   0.001   0.013    0.087
    128      5.390s  0.125   0.038   0.058   0.001   0.011    0.125
    131      6.322s  0.124   0.038   0.058   0.001   0.011    0.086
    134      7.705s  0.131   0.040   0.061   0.000   0.012    0.096
    137      6.942s  0.131   0.039   0.061   0.001   0.011    0.130
    140      6.074s  0.136   0.041   0.062   0.000   0.012    0.153
    143      5.116s  0.128   0.038   0.059   0.001   0.009    0.131
    146      8.852s  0.123   0.037   0.057   0.000   0.007    0.112
    149      8.810s  0.133   0.039   0.061   0.000   0.009    0.146
    152      6.711s  0.141   0.042   0.065   0.001   0.011    0.112
    155      8.363s  0.139   0.042   0.064   0.000   0.010    0.131
    158      5.269s  0.133   0.040   0.061   0.001   0.008    0.098
    161      7.242s  0.132   0.038   0.060   0.001   0.006    0.054
    164      7.122s  0.129   0.038   0.058   0.001   0.006    0.090
    167      6.165s  0.133   0.039   0.060   0.000   0.006    0.168
    170      13.198s  0.133   0.039   0.060   0.000   0.005    0.104
    173      10.589s  0.139   0.040   0.062   0.001   0.005    0.102
    176      7.787s  0.139   0.040   0.062   0.000   0.006    0.103
    179      8.241s  0.133   0.038   0.059   -0.000   0.002    0.132
    182      7.457s  0.142   0.040   0.063   -0.000   0.005    0.144
    185      12.843s  0.128   0.036   0.057   -0.000   0.001    0.153
    188      14.123s  0.143   0.040   0.063   0.000   0.003    0.133
    191      7.079s  0.136   0.038   0.060   0.000   0.001    0.132
    194      12.154s  0.141   0.039   0.061   0.000   0.002    0.204
    197      12.180s  0.134   0.038   0.059   -0.000   0.000    0.191
