    2      0.042s  0.011   0.024   0.015   0.011   0.010    0.210
    3      0.061s  0.015   0.019   0.017   0.014   0.014    0.193
    4      0.064s  0.009   0.010   0.009   0.008   0.008    0.162
    5      0.106s  0.003   0.002   0.003   0.000   0.000    0.157
    6      0.087s  0.052   0.041   0.046   0.014   0.039    0.183
    7      0.109s  0.037   0.027   0.031   0.007   0.024    0.153
    8      0.121s  0.038   0.025   0.030   0.007   0.023    0.172
    9      0.101s  0.038   0.024   0.029   0.007   0.021    0.167
    10      0.125s  0.033   0.020   0.025   0.005   0.017    0.158
    11      0.127s  0.032   0.018   0.023   0.004   0.015    0.173
    12      0.133s  0.031   0.017   0.022   0.004   0.014    0.175
    13      0.120s  0.035   0.019   0.025   0.005   0.015    0.164
    14      0.128s  0.038   0.020   0.026   0.007   0.016    0.171
    15      0.131s  0.027   0.014   0.018   0.002   0.009    0.189
    16      0.153s  0.033   0.016   0.022   0.004   0.012    0.178
    17      0.156s  0.024   0.012   0.016   0.001   0.007    0.191
    18      0.157s  0.028   0.013   0.018   0.003   0.008    0.172
    19      0.152s  0.032   0.015   0.021   0.001   0.010    0.187
    20      0.166s  0.028   0.013   0.018   0.002   0.008    0.185
    21      0.174s  0.028   0.013   0.018   0.002   0.007    0.187
    22      0.160s  0.031   0.014   0.019   0.003   0.008    0.184
    23      0.155s  0.034   0.015   0.021   0.004   0.009    0.176
    24      0.152s  0.043   0.019   0.026   0.003   0.013    0.176
    25      0.179s  0.026   0.011   0.016   0.001   0.005    0.198
    26      0.183s  0.044   0.019   0.027   0.004   0.012    0.183
    27      0.204s  0.050   0.021   0.030   0.004   0.014    0.207
    28      0.167s  0.053   0.022   0.031   0.002   0.015    0.192
    29      0.170s  0.059   0.025   0.035   0.004   0.017    0.184
    30      0.178s  0.040   0.016   0.023   0.001   0.009    0.170
    31      0.205s  0.035   0.014   0.020   0.002   0.007    0.199
    32      0.208s  0.053   0.021   0.030   0.004   0.013    0.186
    33      0.183s  0.039   0.016   0.022   0.003   0.007    0.165
    34      0.215s  0.080   0.032   0.045   0.006   0.023    0.183
    35      0.172s  0.074   0.029   0.042   0.005   0.021    0.193
    36      0.213s  0.064   0.025   0.036   0.004   0.016    0.181
    37      0.229s  0.047   0.019   0.027   0.001   0.010    0.181
    38      0.219s  0.059   0.022   0.032   0.003   0.013    0.192
    39      0.218s  0.035   0.013   0.019   0.001   0.004    0.195
    40      0.258s  0.082   0.031   0.045   0.005   0.022    0.182
    41      0.259s  0.053   0.020   0.029   0.002   0.010    0.177
    42      0.241s  0.077   0.029   0.042   0.005   0.019    0.190
    43      0.223s  0.060   0.022   0.033   0.001   0.012    0.154
    44      0.220s  0.076   0.028   0.041   0.004   0.018    0.205
    45      0.203s  0.081   0.030   0.043   0.003   0.019    0.188
    46      0.249s  0.085   0.031   0.046   0.004   0.021    0.193
    47      0.220s  0.083   0.030   0.044   0.003   0.020    0.201
    48      0.206s  0.061   0.022   0.033   0.002   0.011    0.149
    49      0.216s  0.061   0.022   0.032   0.002   0.011    0.146
    50      0.208s  0.077   0.028   0.041   0.003   0.016    0.149
    51      0.230s  0.075   0.027   0.039   0.003   0.015    0.206
    52      0.248s  0.077   0.027   0.040   0.003   0.016    0.180
    53      0.240s  0.087   0.031   0.046   0.004   0.019    0.191
    54      0.221s  0.091   0.032   0.048   0.003   0.020    0.180
    55      0.257s  0.072   0.025   0.037   0.002   0.013    0.195
    56      0.258s  0.084   0.029   0.043   0.002   0.017    0.179
    57      0.246s  0.099   0.034   0.051   0.003   0.022    0.201
    58      0.256s  0.082   0.028   0.042   0.002   0.016    0.150
    59      0.257s  0.083   0.029   0.043   0.003   0.016    0.193
    60      0.266s  0.093   0.032   0.048   0.003   0.019    0.190
    61      0.230s  0.078   0.027   0.040   0.002   0.013    0.189
    62      0.221s  0.092   0.031   0.047   0.002   0.018    0.183
    63      0.243s  0.064   0.022   0.033   0.002   0.008    0.172
    64      0.234s  0.085   0.029   0.043   0.001   0.015    0.198
    65      0.243s  0.094   0.032   0.047   0.003   0.018    0.199
    66      0.247s  0.093   0.031   0.046   0.002   0.017    0.191
    67      0.235s  0.103   0.034   0.052   0.003   0.020    0.195
    68      0.221s  0.099   0.033   0.049   0.003   0.018    0.175
    69      0.250s  0.102   0.034   0.051   0.002   0.019    0.184
    70      0.268s  0.098   0.032   0.048   0.003   0.018    0.172
    71      0.241s  0.103   0.034   0.051   0.002   0.019    0.192
    72      0.241s  0.073   0.024   0.036   0.001   0.009    0.205
    73      0.233s  0.083   0.027   0.041   0.001   0.012    0.212
    74      0.275s  0.081   0.026   0.040   0.001   0.011    0.200
    75      0.290s  0.096   0.031   0.047   0.002   0.016    0.175
    76      0.262s  0.096   0.031   0.047   0.001   0.015    0.164
    77      0.244s  0.105   0.034   0.051   0.002   0.018    0.180
    78      0.242s  0.108   0.035   0.053   0.002   0.019    0.192
    79      0.266s  0.099   0.032   0.048   0.002   0.016    0.151
    80      0.279s  0.103   0.033   0.050   0.002   0.016    0.183
    81      0.249s  0.103   0.033   0.050   0.001   0.016    0.192
    82      0.254s  0.109   0.035   0.053   0.002   0.018    0.204
    83      0.263s  0.094   0.030   0.045   0.001   0.013    0.221
    84      0.250s  0.089   0.028   0.043   0.001   0.011    0.182
    85      0.262s  0.088   0.028   0.042   0.000   0.010    0.206
    86      0.255s  0.099   0.031   0.048   0.002   0.014    0.210
    87      0.284s  0.108   0.034   0.052   0.001   0.016    0.189
    88      0.270s  0.113   0.036   0.054   0.001   0.018    0.178
    89      0.268s  0.092   0.029   0.044   0.001   0.010    0.188
    90      0.232s  0.102   0.032   0.049   0.001   0.013    0.208
    91      0.277s  0.085   0.027   0.040   0.001   0.008    0.189
    92      0.274s  0.098   0.030   0.046   0.001   0.012    0.179
    93      0.277s  0.099   0.031   0.047   0.001   0.012    0.206
    94      0.262s  0.098   0.030   0.047   0.002   0.011    0.172
    95      0.262s  0.110   0.034   0.052   0.001   0.015    0.190
    96      0.302s  0.101   0.031   0.047   0.001   0.011    0.221
    97      0.264s  0.099   0.030   0.046   0.001   0.011    0.209
    98      0.279s  0.125   0.038   0.058   0.002   0.019    0.235
    99      0.290s  0.111   0.034   0.052   0.002   0.014    0.174
    100      0.281s  0.115   0.035   0.054   0.001   0.015    0.220
    101      0.283s  0.116   0.036   0.055   0.001   0.015    0.235
    102      0.293s  0.113   0.034   0.053   0.001   0.014    0.198
    103      0.272s  0.110   0.033   0.051   0.001   0.013    0.202
    104      0.339s  0.111   0.034   0.052   0.001   0.013    0.166
    105      0.297s  0.085   0.026   0.039   0.000   0.004    0.180
    106      0.316s  0.111   0.034   0.052   0.000   0.012    0.179
    107      0.283s  0.108   0.033   0.050   0.001   0.011    0.210
    108      0.306s  0.098   0.029   0.045   0.000   0.008    0.190
    109      0.287s  0.117   0.035   0.054   0.001   0.013    0.191
    110      0.304s  0.108   0.032   0.050   0.001   0.010    0.222
    111      0.289s  0.107   0.032   0.050   0.000   0.010    0.160
    112      0.272s  0.099   0.029   0.045   0.000   0.007    0.242
    113      0.300s  0.116   0.034   0.053   0.001   0.012    0.175
    114      0.297s  0.103   0.030   0.047   0.000   0.008    0.183
    115      0.299s  0.123   0.036   0.056   0.001   0.014    0.192
    116      0.320s  0.106   0.031   0.049   0.000   0.008    0.164
    117      0.285s  0.104   0.031   0.047   -0.000   0.007    0.189
    118      0.299s  0.120   0.035   0.055   0.001   0.012    0.192
    119      0.282s  0.107   0.031   0.048   0.000   0.008    0.198
    120      0.263s  0.119   0.035   0.054   0.000   0.011    0.239
    121      0.277s  0.115   0.034   0.052   0.000   0.009    0.178
    122      0.334s  0.124   0.036   0.056   0.001   0.012    0.197
    123      0.300s  0.116   0.034   0.053   0.000   0.010    0.164
    124      0.299s  0.106   0.031   0.048   -0.000   0.006    0.195
    125      0.300s  0.116   0.034   0.053   0.000   0.009    0.186
    126      0.279s  0.106   0.031   0.048   -0.000   0.006    0.219
    127      0.288s  0.112   0.033   0.051   0.000   0.007    0.205
    128      0.284s  0.127   0.037   0.057   0.000   0.011    0.212
    129      0.295s  0.118   0.034   0.053   0.000   0.009    0.211
    130      0.314s  0.122   0.035   0.055   0.000   0.009    0.215
    131      0.339s  0.118   0.034   0.053   0.000   0.008    0.210
    132      0.302s  0.121   0.035   0.054   0.000   0.009    0.212
    133      0.317s  0.108   0.031   0.048   -0.000   0.005    0.158
    134      0.311s  0.122   0.035   0.054   0.000   0.008    0.149
    135      0.289s  0.123   0.035   0.055   -0.000   0.009    0.196
    136      0.317s  0.121   0.035   0.054   0.000   0.008    0.191
    137      0.293s  0.128   0.037   0.057   0.000   0.010    0.221
    138      0.316s  0.128   0.037   0.057   0.000   0.009    0.202
    139      0.306s  0.112   0.032   0.050   -0.000   0.005    0.222
    140      0.305s  0.122   0.035   0.054   -0.000   0.007    0.232
    141      0.298s  0.120   0.034   0.053   -0.000   0.006    0.205
    142      0.330s  0.127   0.036   0.056   0.000   0.008    0.156
    143      0.335s  0.138   0.039   0.061   0.001   0.011    0.185
    144      0.332s  0.126   0.036   0.056   0.000   0.007    0.226
    145      0.336s  0.126   0.036   0.055   -0.000   0.007    0.238
    146      0.349s  0.118   0.033   0.052   -0.000   0.005    0.241
    147      0.332s  0.113   0.032   0.050   -0.001   0.003    0.210
    148      0.313s  0.137   0.039   0.060   0.001   0.010    0.243
    149      0.351s  0.131   0.037   0.058   0.000   0.008    0.248
    150      0.322s  0.112   0.031   0.049   -0.000   0.002    0.207
    151      0.350s  0.118   0.033   0.052   -0.000   0.003    0.238
    152      0.327s  0.129   0.036   0.057   -0.000   0.006    0.212
    153      0.304s  0.129   0.036   0.057   -0.000   0.006    0.242
    154      0.321s  0.115   0.032   0.050   -0.001   0.002    0.226
    155      0.330s  0.119   0.033   0.052   -0.000   0.003    0.212
    156      0.331s  0.112   0.031   0.049   -0.001   0.000    0.223
    157      0.312s  0.134   0.037   0.058   -0.000   0.007    0.221
    158      0.377s  0.134   0.037   0.058   -0.000   0.006    0.209
    159      0.321s  0.133   0.037   0.058   -0.000   0.006    0.216
    160      0.322s  0.118   0.033   0.052   -0.000   0.001    0.193
    161      0.324s  0.135   0.038   0.059   -0.000   0.006    0.223
    162      0.338s  0.130   0.036   0.056   -0.000   0.004    0.225
    163      0.334s  0.141   0.039   0.061   -0.000   0.007    0.264
    164      0.332s  0.121   0.033   0.052   -0.001   0.001    0.237
    165      0.328s  0.136   0.038   0.059   -0.000   0.005    0.220
    166      0.322s  0.131   0.036   0.057   -0.001   0.004    0.243
    167      0.367s  0.128   0.035   0.055   -0.001   0.003    0.266
    168      0.362s  0.123   0.034   0.053   -0.000   0.001    0.233
    169      0.347s  0.139   0.038   0.060   -0.000   0.005    0.235
    170      0.351s  0.127   0.035   0.055   -0.001   0.002    0.170
    171      0.390s  0.138   0.038   0.059   -0.001   0.004    0.262
    172      0.359s  0.130   0.036   0.056   -0.001   0.002    0.230
    173      0.343s  0.143   0.039   0.061   -0.000   0.005    0.263
    174      0.363s  0.131   0.036   0.056   -0.001   0.002    0.265
    175      0.363s  0.133   0.036   0.057   -0.000   0.002    0.218
    176      0.406s  0.122   0.033   0.052   -0.001   -0.001    0.204
    177      0.351s  0.125   0.034   0.053   -0.001   -0.001    0.214
    178      0.330s  0.143   0.039   0.061   -0.000   0.004    0.224
    179      0.350s  0.139   0.038   0.060   -0.000   0.003    0.230
    180      0.350s  0.140   0.038   0.060   -0.000   0.003    0.244
    181      0.344s  0.135   0.037   0.058   -0.000   0.001    0.206
    182      0.359s  0.134   0.036   0.057   -0.001   0.001    0.245
    183      0.353s  0.144   0.039   0.061   -0.001   0.003    0.214
    184      0.334s  0.141   0.038   0.060   -0.001   0.003    0.215
    185      0.348s  0.137   0.037   0.058   -0.001   0.001    0.251
    186      0.335s  0.142   0.038   0.060   -0.000   0.002    0.250
    187      0.388s  0.137   0.037   0.058   -0.001   0.001    0.290
    188      0.369s  0.137   0.037   0.058   -0.001   0.000    0.247
    189      0.378s  0.143   0.039   0.061   -0.001   0.002    0.231
    190      0.386s  0.144   0.039   0.061   -0.001   0.002    0.226
    191      0.369s  0.141   0.038   0.060   -0.001   0.001    0.266
    192      0.360s  0.140   0.038   0.059   -0.001   0.000    0.240
    193      0.385s  0.142   0.038   0.060   -0.001   0.001    0.217
    194      0.384s  0.135   0.036   0.057   -0.001   -0.002    0.205
    195      0.350s  0.143   0.038   0.061   -0.001   0.001    0.234
    196      0.394s  0.144   0.038   0.061   -0.001   0.000    0.230
