    2      0.178s  0.006   0.006   0.006   0.009   0.006    0.221
    3      0.286s  0.222   0.149   0.178   0.155   0.148    0.184
    4      0.359s  0.238   0.146   0.181   0.158   0.146    0.238
    5      0.377s  0.468   0.236   0.314   0.253   0.236    0.268
    6      0.493s  0.655   0.270   0.382   0.270   0.270    0.319
    7      0.634s  0.639   0.246   0.355   0.249   0.246    0.348
    8      0.705s  0.738   0.263   0.388   0.266   0.263    0.382
    9      0.780s  0.786   0.269   0.401   0.269   0.269    0.369
    10      0.807s  0.874   0.290   0.436   0.273   0.290    0.371
    11      0.902s  0.802   0.259   0.392   0.258   0.259    0.357
    12      0.993s  0.858   0.270   0.411   0.267   0.270    0.381
    13      0.934s  0.778   0.223   0.347   0.175   0.223    0.271
    14      1.013s  0.780   0.220   0.343   0.185   0.219    0.305
    15      1.190s  0.826   0.229   0.359   0.182   0.229    0.287
    16      1.393s  0.848   0.230   0.362   0.172   0.230    0.280
    17      2.668s  0.859   0.223   0.354   0.151   0.223    0.283
    18      1.791s  0.887   0.230   0.365   0.161   0.230    0.266
    19      1.791s  0.843   0.211   0.338   0.136   0.211    0.255
    20      2.609s  0.901   0.222   0.356   0.134   0.221    0.255
    21      1.822s  0.922   0.226   0.363   0.141   0.226    0.266
    22      1.915s  0.851   0.208   0.335   0.135   0.208    0.251
    23      1.937s  0.895   0.214   0.346   0.126   0.214    0.266
    24      1.938s  0.867   0.197   0.322   0.097   0.197    0.265
    25      2.631s  0.891   0.202   0.330   0.102   0.202    0.237
    26      2.442s  0.849   0.192   0.313   0.096   0.191    0.239
    27      2.392s  0.920   0.205   0.335   0.097   0.204    0.280
    28      3.858s  0.938   0.216   0.351   0.122   0.216    0.262
    29      4.483s  0.907   0.200   0.327   0.094   0.199    0.248
    30      6.228s  0.937   0.209   0.342   0.109   0.209    0.246
    31      2.527s  0.948   0.206   0.339   0.096   0.206    0.284
    32      3.401s  0.944   0.204   0.336   0.098   0.204    0.267
    33      3.698s  0.894   0.190   0.313   0.082   0.189    0.259
    34      4.536s  0.933   0.199   0.328   0.094   0.198    0.262
    35      3.994s  0.972   0.207   0.342   0.095   0.207    0.269
    36      3.785s  0.975   0.202   0.335   0.084   0.202    0.281
    37      5.472s  0.972   0.200   0.331   0.084   0.199    0.259
    38      5.414s  0.975   0.200   0.332   0.081   0.199    0.267
    39      5.323s  0.975   0.205   0.338   0.095   0.204    0.255
