    2      0.114s  0.006   0.006   0.006   0.009   0.006    0.224
    3      0.160s  0.174   0.115   0.139   0.145   0.115    0.224
    4      0.209s  0.564   0.299   0.391   0.301   0.298    0.251
    5      0.237s  0.544   0.259   0.351   0.274   0.259    0.283
    6      0.254s  0.645   0.257   0.367   0.256   0.257    0.305
    7      0.300s  0.638   0.246   0.355   0.250   0.246    0.372
    8      0.358s  0.658   0.236   0.348   0.255   0.236    0.361
    9      0.461s  0.658   0.230   0.340   0.254   0.229    0.362
    10      0.438s  0.761   0.246   0.372   0.226   0.246    0.329
    11      0.326s  0.720   0.226   0.344   0.219   0.226    0.312
    12      0.394s  0.772   0.231   0.356   0.195   0.231    0.296
    13      0.479s  0.766   0.232   0.356   0.212   0.231    0.292
    14      0.468s  0.772   0.216   0.337   0.161   0.215    0.253
    15      0.527s  0.718   0.197   0.309   0.166   0.196    0.313
    16      0.648s  0.718   0.186   0.295   0.122   0.186    0.259
    17      0.598s  0.735   0.197   0.311   0.162   0.197    0.279
    18      0.542s  0.768   0.195   0.312   0.130   0.195    0.267
    19      0.610s  0.830   0.215   0.341   0.157   0.214    0.247
    20      0.641s  0.821   0.206   0.329   0.136   0.206    0.259
    21      0.708s  0.735   0.174   0.281   0.088   0.174    0.246
    22      0.660s  0.803   0.188   0.305   0.096   0.188    0.231
    23      0.656s  0.808   0.191   0.309   0.117   0.190    0.231
    24      0.736s  0.791   0.179   0.292   0.085   0.179    0.250
    25      0.833s  0.827   0.188   0.307   0.095   0.188    0.229
    26      0.910s  0.815   0.187   0.305   0.113   0.187    0.257
    27      0.916s  0.837   0.185   0.303   0.091   0.185    0.248
    28      0.825s  0.783   0.169   0.278   0.075   0.168    0.243
    29      0.842s  0.814   0.174   0.287   0.073   0.174    0.226
    30      0.943s  0.775   0.164   0.271   0.067   0.164    0.218
    31      0.870s  0.843   0.177   0.292   0.072   0.176    0.218
    32      0.860s  0.829   0.175   0.289   0.075   0.174    0.241
    33      1.239s  0.837   0.172   0.286   0.067   0.172    0.226
    34      0.921s  0.880   0.185   0.305   0.077   0.184    0.225
    35      0.981s  0.879   0.181   0.301   0.077   0.181    0.215
    36      1.025s  0.896   0.181   0.301   0.065   0.180    0.212
    37      1.225s  0.873   0.179   0.296   0.074   0.178    0.220
    38      1.230s  0.922   0.187   0.311   0.073   0.187    0.183
    39      1.074s  0.900   0.176   0.295   0.059   0.176    0.225
